Species	 Total	 Standard  Praeanal  Praedorsal  Head	Tail	Front	Abdomen	 Barbel	 Mouth	 Eyes
apo	180,23	144,6	115,07	76,42	40,35	15,92	29,69	25,38	8,07	11,8	2
apo	138,7	108,64	85,02	55,04	30,57	13,12	21,86	20,25	5,61	8,12	2
apo	120,2	98,11	75,64	48,38	28,04	10,97	19,16	18,39	4,9	6,42	2
apo	97,58	78,15	60,25	40,49	21,75	8,63	14,42	13,19	3,98	5,52	2
apo	100,87	80,72	64,05	42,11	24,2	9,12	14,91	13,96	3,61	5,45	2
apo	138,49	109,73	88,91	58,71	30,85	12,14	21,33	19,77	4,72	8,65	1
apo	196,36	154,54	125,43	79,34	44,22	16,54	29,88	26,37	7,64	14,68	2
apo	173,53	136,29	107,01	72,3	39,82	14,17	28,09	24,41	5,98	9,5	2
apo	67,73	53,28	40,83	28,24	15,9	5,99	10,81	9,99	1,26	3,03	2
apo	59,13	45,93	34,82	25,35	14,86	5,37	9,67	9,12	1,32	2,86	1
apo	205,98	164,75	132,81	87,12	48,9	18,16	32,21	27,37	7,48	14,53	2
apo	222	170,8	135,45	93,66	46,89	18,2	33,82	29,61	6,96	12,87	2
apo	244	190,11	154,47	101,57	55,17	19,58	37,12	31,12	9,62	16,1	2
apo	116,19	92,48	72,1	46,07	25,62	10,66	18,31	17,23	5,05	6,98	2
apo	107,53	86,59	67,96	45,13	24,99	9,64	16,34	15,03	3,61	6,17	1
apo	104,57	82,76	64,09	44,52	23,78	8,6	16,17	14,53	4,83	5,43	2
apo	126,74	100,57	78,58	53,67	28,3	11,7	20,28	18,81	4,76	7,21	2
apo	126,81	101,3	79,91	53,17	28,11	10,78	19,76	17,58	4,36	7,54	2
apo	151,05	120,71	96,17	63,06	33,67	13,59	23,47	21,26	5,88	8,52	2
apo	146,24	116,03	90,53	60,14	34,36	12,5	23,39	21,31	5,35	8,43	2
apo	152,06	122,19	96,33	65,34	34,85	13,23	25,25	22,26	5,87	8,48	2
apo	165,35	132,08	104,75	71,73	40,09	13,93	26,7	23,19	6,88	11,02	2
apo	150,14	119,72	94,89	64,51	34,74	13,83	25,49	22,76	5,27	9,29	1
apo	174,75	137,89	108,27	71,09	39,1	15,49	26,42	24,02	6,9	10,1	2
apo	162,69	128,6	101,82	67,08	38,98	14,53	26,54	23,65	5,63	9,21	2
apo	168,3	135,06	107,64	72,13	39,37	14,99	25,37	23,8	5,17	9,41	2
apo	174,93	139,81	112,59	74,57	41,8	15,58	28,24	25,26	5,49	12,38	2
apo	182,85	143,4	113,15	73,26	41,94	16,18	30,32	26,12	8,18	11,09	2
apo	143,04	114,77	89,04	58,9	32,92	12,39	22,18	21,15	5,34	8,85	2
apo	123,52	97,42	28,88	49,66	27,82	11,31	18,45	17,18	5,68	6,85	2
apo	144,19	111,17	89,04	59,07	32,51	12,58	23,78	20,91	6,24	8,62	2
apo	136,06	106,45	84,01	51,58	30,26	12,16	21,46	19,5	5,29	7,91	1
apo	166,71	127,74	101,73	68,32	37,14	14,32	27,37	24,27	7,36	11,12	2
apo	164,87	130,65	102,09	66,93	36,08	14,26	26,88	23,51	7,09	10,32	2
apo	160,26	132,46	104,82	71,02	38,05	14,61	26,01	23,73	7,58	10,1	2
apo	175,95	139,4	109,36	70,63	28,09	14,53	28,04	24,78	6,6	11,73	2
apo	194,2	154,86	124,68	81,01	43,1	17,04	31,05	27,27	8,3	11,6	2
apo	221	173,93	140	91,6	51,81	18,24	35,3	29,25	9,73	14,07	2
apo	NA	151,09	122,78	79,74	44,79	16,25	31,61	30,75	6,22	11,81	2
apo	NA	110,17	88,63	61,42	34,21	11,73	22,83	19,84	6,68	7,93	2
apo	106,94	88,27	69,5	47,87	25,78	8,99	17,98	16	3,68	6,4	2
apo	NA	76,81	60,97	42,3	22,99	8,1	15,32	13,55	2,4	4,53	2
apo	NA	37,07	29,64	18,43	12,4	4,69	8,72	7,76	0,78	2,45	2
apo	NA	47,81	37,8	25,53	16,42	5,83	10,34	9,99	1,66	3,68	2
apo	NA	39	30,66	20,8	13,29	4,49	NA	8,51	1,19	2,84	1
apo	45,07	33,99	27,36	18,28	11,41	3,41	7,56	7,61	0,79	2,46	2
apo	NA	35,89	28,33	19,18	12,6	3,94	8,26	7,83	0,92	2,62	2
apo	112,96	89,83	70,56	50,08	27,91	9,92	19,15	16,71	5,89	7,2	2
apo	126,54	97,91	78,19	50,92	27,93	12,02	21,56	19,05	4,38	6,23	2
apo	107,8	85,11	64,95	45,37	23,98	9,57	17,98	17	2,86	5,33	2
exu	NA	40,78	31,85	21,71	12,3	4,17	8,63	7,8	1,4	3,11	3
exu	NA	30,47	23,58	16,51	9,26	3,28	NA	5,89	0,71	2,35	2
exu	NA	211	176,2	111,4	51,99	22,41	46,92	38,23	10,93	15,97	2
exu	NA	203	160,91	104,88	49,64	55,46	21,2	42,78	7,95	16,88	3
exu	NA	170,05	138,54	86,88	41,21	17,6	35,12	30,28	7,55	14,63	2
exu	109,9	85,93	67,04	43,4	21,79	9,67	19,64	15,72	4,79	5,47	2
exu	90,94	69,48	53,68	37,04	18,09	7,6	15,23	13,89	4,7	3,92	2
exu	58,55	45,89	35,71	24,29	13,15	4,96	NA	8,48	2,17	2,7	1
exu	132,15	101,15	78,53	52,52	26,24	10,99	22,79	19,46	5	5,82	2
exu	102,75	78,35	60,41	39,76	20,34	8,16	17,63	15,17	5,68	4,46	2
exu	95,35	74,04	58,56	38,57	20,71	7,79	16,15	14,23	5,47	4,77	2
exu	93,54	69,47	54,3	35,54	19,6	7,36	16,15	14,22	3,98	4,05	3
exu	55,42	41,55	31,58	20,36	12,08	4,2	8,92	7,84	2,18	2,76	2
exu	NA	89,64	69,44	45,29	22,51	9,23	18,06	16,93	6,4	5,64	2
exu	NA	81,33	63,66	41,91	22,11	8,02	17,77	15,37	5,4	4,99	2
exu	82,07	62,89	48,89	33,71	19,41	6,68	13,47	11,82	4,26	4,92	2
exu	83,11	63,16	47,97	32,14	19,02	6,96	13,91	12,65	4,84	4,49	2
exu	68,98	54,56	42,46	28,26	15,38	5,59	10,7	10,27	2,72	3,52	3
exu	119,52	92,45	74,65	49,26	25,25	8,77	19,78	17,25	6,42	6,16	2
exu	133,31	103,74	84,45	54,92	28,16	9,3	22,7	18,74	6,64	7,41	2
exu	79,84	62,24	47,68	32,25	17,25	5,87	13,22	11,63	4,66	3,94	1
exu	113,69	88,58	69,22	44,58	24,33	8,94	18,97	17,19	4,83	5,82	2
exu	115,25	87,95	69,5	44,9	24,65	9,32	20,08	17,24	6,76	6,34	2
exu	85,69	65,72	52,39	34,65	18	6,82	14,72	12,5	3,84	5,26	2
exu	77,78	59,13	47,15	30,63	16,34	5,97	13,01	10,82	3,95	3,58	3
exu	63,4	47,94	37,75	25,47	13,82	4,88	10,69	9,24	2,69	2,94	2
exu	67,66	51,61	41,48	26,98	15,34	5,05	10,78	9,78	3,64	3,27	2
exu	64,35	48,82	38,32	25,22	13,89	4,93	10,83	9,52	2,7	3,14	3
exu	71,19	53,59	40,98	27,61	14,76	5,44	11,75	10,65	3,26	3,31	2
